<!DOCTYPE svg PUBLIC "-//W3C//DTD SVG 20010904//EN" "http://www.w3.org/TR/2001/REC-SVG-20010904/DTD/svg10.dtd">
<svg version="1.0" xmlns="http://www.w3.org/2000/svg" width="650px" height="350px" viewBox="0 0 6500 3500" preserveAspectRatio="xMidYMid meet">
<g id="layer1" fill="#e7989b" stroke="none">
 <path d="M4006 2724 c-9 -8 -16 -21 -16 -28 0 -8 43 -102 95 -209 52 -108 95 -198 95 -201 0 -2 39 -84 86 -181 47 -97 83 -179 81 -182 -3 -2 -46 -4 -96 -4 -72 0 -95 -4 -113 -18 l-22 -18 26 -17 c21 -14 43 -16 119 -12 103 5 154 19 163 43 4 9 -6 39 -21 67 -101 191 -328 674 -320 682 5 5 95 -38 352 -169 l80 -41 -39 -7 c-79 -13 -76 -52 16 -249 47 -99 64 -137 147 -333 43 -103 48 -122 39 -143 -10 -20 -9 -27 3 -35 21 -13 46 -11 63 7 22 22 20 36 -14 114 -16 38 -30 71 -30 74 0 3 -28 65 -61 138 -92 200 -159 351 -159 360 0 4 28 8 63 8 36 0 68 5 75 12 16 16 15 53 -1 66 -20 17 -570 292 -584 292 -6 0 -19 -7 -27 -16z"/>
 <path d="M4010 1890 c-11 -11 -20 -25 -20 -30 0 -11 335 -685 350 -705 4 -5 115 -223 246 -484 132 -260 253 -490 270 -510 l32 -36 95 -3 c92 -4 97 -3 122 22 19 19 24 32 19 48 -6 20 -81 175 -356 738 -263 536 -338 693 -338 706 0 10 13 14 43 14 55 0 117 18 117 33 0 29 -23 36 -104 31 -113 -7 -125 -11 -132 -38 -6 -24 -9 -18 319 -686 74 -151 181 -369 237 -485 55 -116 110 -226 121 -246 34 -64 24 -79 -54 -79 -71 0 -82 7 -114 73 -48 98 -380 752 -438 862 -29 55 -124 241 -210 413 l-157 313 21 23 c16 17 18 25 9 34 -18 18 -56 14 -78 -8z"/>
 </g>
<g id="layer2" fill="#c3181e" stroke="none">
 <path d="M4037 2698 c-9 -5 -17 -14 -17 -20 0 -11 56 -138 125 -283 66 -140 85 -182 85 -192 0 -6 8 -21 19 -34 10 -13 29 -49 42 -79 13 -30 38 -81 57 -113 19 -32 32 -60 30 -62 -10 -10 -179 -23 -235 -18 -77 7 -111 -1 -124 -31 -9 -19 -5 -36 26 -97 20 -41 42 -85 50 -99 8 -14 75 -144 149 -290 74 -146 216 -425 315 -620 100 -195 208 -409 241 -476 43 -88 66 -124 85 -132 28 -13 123 -16 174 -6 55 11 55 30 0 150 -28 60 -57 123 -66 139 -54 102 -228 458 -245 500 -11 27 -24 55 -29 62 -17 20 -319 645 -319 659 0 15 57 18 222 14 65 -1 79 1 97 19 12 12 18 27 15 38 -15 44 -114 273 -186 432 -44 96 -80 186 -81 200 -2 25 0 26 44 23 36 -2 49 2 64 18 15 16 17 25 9 38 -10 15 -441 239 -503 260 -17 6 -34 6 -44 0z"/>
 </g>
<g id="layer3" fill="#5f6060" stroke="none">
 <path d="M3430 1700 c-8 -6 -33 -15 -55 -21 -55 -15 -120 -82 -135 -139 -16 -59 2 -169 39 -236 37 -70 126 -129 232 -155 102 -26 144 -23 335 27 20 5 23 0 32 -56 19 -107 -3 -130 -125 -130 -88 1 -112 10 -145 60 -27 41 -71 59 -144 59 -70 1 -113 -15 -120 -46 -10 -38 60 -169 106 -199 73 -49 225 -78 272 -53 14 8 23 8 31 0 17 -17 121 -13 198 9 121 33 164 70 180 154 9 50 -3 208 -20 266 -6 19 -11 51 -11 72 0 20 -5 49 -11 65 -6 15 -15 60 -20 98 -17 134 -33 187 -62 209 -22 16 -32 18 -54 10 -39 -13 -38 -47 2 -54 28 -5 31 -9 43 -75 14 -76 37 -215 52 -310 6 -33 15 -73 20 -89 6 -16 10 -67 10 -114 0 -67 -4 -91 -20 -117 -26 -42 -54 -53 -168 -66 -53 -6 -111 -17 -129 -24 -26 -12 -33 -12 -42 -1 -6 7 -42 16 -79 20 -135 14 -194 47 -226 128 -22 55 -13 62 67 54 56 -6 69 -12 98 -43 54 -56 83 -67 179 -67 90 0 140 17 159 53 17 30 7 205 -13 235 -20 31 -35 32 -87 6 -21 -11 -74 -25 -117 -30 -252 -33 -412 75 -412 278 0 70 24 113 78 141 90 46 294 35 375 -20 65 -44 93 -37 107 27 7 30 6 42 -6 54 -14 13 -18 12 -37 -10 l-22 -26 -95 33 c-74 25 -112 33 -170 33 -41 0 -82 -5 -90 -10z"/>
 <path d="M5588 1690 c-151 -26 -183 -46 -212 -130 -18 -54 -12 -112 16 -137 24 -21 144 -31 176 -14 12 6 26 29 32 50 12 44 28 60 79 78 47 17 69 16 146 -3 50 -13 72 -24 95 -51 37 -42 38 -67 2 -102 -26 -27 -32 -28 -157 -34 -72 -3 -157 -13 -189 -21 -121 -32 -141 -64 -134 -216 6 -116 16 -146 70 -196 59 -56 112 -76 228 -85 137 -10 320 6 371 31 60 31 79 63 79 134 0 35 -5 67 -12 74 -13 13 -155 17 -174 4 -6 -4 -19 -22 -28 -39 -20 -40 -46 -48 -147 -47 -88 1 -138 24 -159 74 -16 38 -9 55 32 80 28 17 51 20 143 20 135 0 244 25 286 66 38 36 65 124 51 161 -6 16 -13 48 -17 73 -3 25 -19 69 -35 97 -35 62 -108 109 -180 118 -25 3 -65 10 -90 15 -91 19 -165 19 -272 0z"/>
 <path d="M1337 1675 c-38 -19 -42 -39 -25 -117 9 -40 22 -95 28 -123 6 -27 15 -75 19 -106 5 -30 13 -65 20 -77 6 -11 11 -35 11 -52 0 -17 6 -59 14 -93 8 -34 21 -97 30 -140 9 -42 23 -112 32 -155 8 -42 22 -103 30 -134 8 -32 14 -72 14 -88 0 -52 38 -127 71 -140 38 -16 173 -4 194 17 19 18 19 23 0 103 -8 36 -21 100 -30 143 -39 200 -47 235 -56 272 -6 22 -14 67 -18 100 -7 55 -14 85 -43 200 -6 22 -14 65 -18 95 -4 30 -12 75 -18 100 -6 25 -16 71 -22 102 -17 86 -29 96 -129 100 -46 2 -93 -1 -104 -7z m174 -87 c13 -48 35 -153 49 -241 6 -33 12 -63 15 -68 3 -5 12 -46 20 -91 8 -46 22 -114 30 -153 8 -38 22 -104 30 -145 8 -41 21 -106 30 -145 8 -38 19 -95 24 -125 5 -30 12 -67 16 -82 6 -23 3 -28 -17 -33 -14 -4 -44 -5 -69 -3 -53 4 -62 18 -85 139 -8 46 -22 116 -29 154 -8 39 -21 104 -29 145 -9 41 -23 109 -32 150 -26 123 -43 211 -54 280 -6 36 -13 72 -16 80 -6 14 -33 155 -34 173 0 4 31 7 70 7 l69 0 12 -42z"/>
 <path d="M2293 1677 c-32 -14 -35 -32 -19 -106 25 -114 38 -184 46 -246 5 -33 13 -73 19 -88 6 -16 11 -46 11 -67 0 -21 5 -51 11 -66 15 -42 3 -71 -42 -100 -33 -21 -38 -28 -29 -40 16 -18 34 -18 70 1 55 28 73 99 50 197 -16 72 -56 279 -74 386 -15 86 -16 84 70 80 l58 -3 13 -55 c17 -73 56 -274 74 -379 12 -69 61 -161 100 -190 70 -52 172 -65 238 -32 74 38 85 114 46 311 -9 47 -20 108 -25 135 -4 28 -13 68 -19 90 -11 42 -16 116 -10 150 3 15 -2 21 -22 23 -53 6 -55 -26 -13 -205 8 -34 14 -79 14 -101 0 -23 5 -53 11 -69 21 -52 36 -220 23 -251 -21 -50 -77 -63 -157 -36 -77 26 -113 84 -137 214 -14 81 -31 164 -46 230 -8 36 -14 80 -14 98 0 36 -34 111 -53 117 -31 9 -174 11 -194 2z"/>
 <path d="M2965 1677 c-21 -16 -13 -37 14 -37 29 0 43 -25 56 -103 15 -85 37 -207 61 -332 23 -125 28 -211 14 -246 -29 -68 -132 -114 -242 -107 -72 4 -189 53 -207 86 -25 46 -71 38 -102 -18 -17 -30 -31 -40 -73 -53 -78 -25 -165 -22 -250 9 -39 14 -79 34 -89 45 -33 35 -71 20 -79 -31 -3 -24 -6 -25 -73 -25 l-69 0 -17 65 c-9 36 -21 92 -27 125 -5 33 -18 96 -27 140 -9 44 -23 114 -30 155 -8 41 -21 107 -30 145 -8 39 -18 85 -22 103 l-6 33 73 -3 c72 -3 74 -4 82 -33 13 -48 50 -225 58 -283 33 -214 79 -299 185 -342 43 -18 58 -20 69 -10 22 17 9 38 -32 51 -101 33 -140 111 -172 339 -4 30 -12 73 -18 95 -6 22 -18 76 -28 120 -25 113 -27 115 -145 115 -87 0 -99 -2 -109 -19 -15 -28 -12 -96 5 -138 8 -19 15 -50 15 -67 0 -17 6 -60 14 -96 8 -36 22 -100 30 -143 89 -449 74 -417 200 -417 88 0 126 15 126 51 0 21 15 26 26 8 3 -6 31 -22 61 -35 45 -20 70 -24 154 -24 116 0 151 11 223 72 l49 42 27 -32 c16 -19 52 -42 90 -58 57 -23 75 -25 159 -22 123 5 181 30 229 102 31 46 32 52 32 146 0 61 -6 113 -15 140 -8 23 -15 62 -15 86 0 23 -5 55 -11 71 -6 15 -15 53 -19 83 -5 30 -14 82 -21 115 -6 33 -13 70 -15 83 -10 52 -68 78 -109 49z"/>
 <path d="M5174 1681 c-68 -9 -81 -22 -90 -89 -8 -63 -27 -117 -46 -128 -7 -5 -113 -7 -235 -6 -213 2 -224 1 -244 -19 -22 -22 -20 -36 15 -102 11 -23 36 -49 53 -60 28 -16 39 -17 85 -8 60 13 287 6 301 -8 12 -12 5 -61 -47 -356 -50 -279 -50 -280 -13 -365 26 -60 49 -74 109 -67 60 7 88 32 88 77 0 15 7 47 15 70 8 23 15 60 15 81 0 21 5 50 11 66 6 15 14 57 19 93 9 66 32 183 50 255 5 22 10 57 10 78 0 21 4 46 9 55 5 10 14 49 20 87 6 39 18 108 26 155 27 147 28 165 11 180 -20 16 -91 21 -162 11z"/>
 <path d="M296 1665 c-25 -26 -21 -65 25 -250 6 -22 14 -65 18 -96 5 -30 13 -65 20 -77 6 -11 11 -36 11 -55 0 -18 7 -56 15 -83 8 -27 15 -59 15 -70 0 -12 6 -44 14 -70 8 -27 22 -85 31 -129 9 -44 23 -106 31 -137 8 -32 14 -68 14 -81 0 -13 9 -54 21 -90 23 -75 50 -100 77 -73 14 14 14 17 0 33 -16 18 -26 55 -53 188 -8 39 -21 99 -29 135 -9 36 -21 92 -26 125 -6 33 -15 74 -20 90 -5 17 -19 75 -30 130 -12 55 -27 127 -35 160 -7 33 -18 85 -24 115 -6 30 -17 85 -25 122 -7 37 -11 69 -8 72 3 4 180 6 393 6 433 0 405 5 409 -70 3 -58 2 -60 -39 -60 -43 0 -68 -19 -49 -38 7 -7 38 -12 69 -12 71 0 94 18 84 64 -4 17 -11 53 -14 79 -13 87 14 82 -460 85 -373 2 -421 1 -435 -13z"/>
 <path d="M3499 1555 c-39 -21 -62 -77 -54 -128 10 -61 28 -90 76 -123 40 -28 47 -29 148 -29 120 1 159 14 191 68 26 42 25 73 -2 127 -26 52 -84 89 -144 93 -30 1 -39 -2 -42 -16 -4 -17 1 -21 52 -32 16 -3 44 -21 63 -40 45 -45 46 -92 2 -129 -65 -55 -246 -29 -277 40 -17 36 -15 99 4 114 8 8 32 16 52 19 28 5 37 11 37 26 0 16 -8 20 -40 22 -22 2 -52 -4 -66 -12z"/>
 <path d="M569 1479 c-23 -23 -23 -32 7 -169 9 -41 19 -93 23 -115 10 -58 26 -81 62 -94 42 -15 61 -14 84 3 16 12 17 16 6 30 -7 9 -28 16 -47 16 -36 0 -54 21 -54 63 0 14 -6 40 -14 58 -8 19 -15 66 -17 104 l-4 70 194 3 c198 2 234 9 210 38 -9 11 -56 14 -220 14 -199 0 -210 -1 -230 -21z"/>
 <path d="M978 1151 c-84 -7 -98 -13 -82 -39 10 -15 28 -17 152 -13 l142 4 10 -27 c5 -15 10 -38 10 -52 l0 -24 -239 0 c-132 0 -251 -4 -265 -10 -40 -15 -50 -48 -37 -117 26 -135 32 -160 47 -195 26 -58 40 -61 341 -57 l267 4 14 -47 c26 -83 46 -78 -332 -78 -294 0 -337 -2 -351 -16 -12 -12 -13 -19 -4 -30 9 -11 74 -14 358 -14 405 0 391 -3 391 87 0 63 -29 137 -61 154 -13 7 -109 8 -287 3 -301 -7 -283 -11 -302 71 -7 28 -18 73 -27 101 -28 95 -45 89 258 92 252 2 267 3 284 23 18 19 18 22 -4 89 -12 39 -30 74 -39 79 -24 12 -154 18 -244 12z"/>
 </g>
<g id="layer4" fill="#18191a" stroke="none">
 <path d="M3398 1676 c-59 -16 -116 -59 -134 -102 -20 -49 -18 -154 6 -221 38 -108 131 -175 269 -195 93 -13 226 0 285 28 27 14 39 15 48 6 18 -18 23 -163 6 -185 -27 -35 -163 -44 -223 -15 -11 6 -33 26 -50 45 -33 38 -78 52 -161 53 -64 0 -90 -23 -80 -72 10 -51 47 -109 93 -144 34 -26 57 -34 130 -44 48 -7 101 -16 118 -21 19 -6 47 -6 75 0 25 5 85 15 134 21 167 21 206 63 206 223 0 52 -4 107 -10 123 -5 16 -14 58 -20 94 -6 36 -16 101 -24 145 -7 44 -19 114 -26 155 -7 41 -20 82 -29 91 -10 11 -42 19 -87 23 -62 6 -73 4 -97 -14 -15 -12 -27 -28 -27 -36 0 -18 -2 -18 -45 7 -75 45 -256 62 -357 35z m373 -172 c44 -25 75 -87 63 -122 -17 -48 -57 -67 -152 -70 -71 -3 -94 0 -122 16 -50 28 -71 61 -73 116 -3 74 17 85 147 82 81 -2 111 -7 137 -22z"/>
 <path d="M2846 1661 c-20 -22 -17 -66 9 -186 7 -33 21 -105 30 -160 10 -55 21 -113 26 -129 13 -44 11 -114 -5 -145 -29 -56 -105 -66 -192 -25 -44 21 -60 36 -84 77 -16 29 -32 72 -36 97 -3 25 -10 59 -15 76 -5 17 -13 59 -18 95 -5 35 -14 84 -19 109 -6 25 -16 73 -23 108 -7 35 -18 70 -26 78 -10 10 -40 14 -102 14 -117 0 -119 -2 -97 -123 22 -126 49 -267 75 -395 17 -82 14 -110 -14 -137 -20 -21 -34 -25 -79 -25 -101 0 -192 62 -215 147 -21 78 -41 170 -41 189 0 10 -7 48 -15 84 -8 36 -23 105 -34 154 -11 49 -26 93 -33 97 -7 5 -52 9 -99 9 -122 0 -124 -3 -84 -185 8 -38 20 -95 25 -125 11 -62 37 -188 87 -429 10 -46 24 -90 31 -98 20 -20 176 -18 196 3 9 8 16 22 16 30 0 18 15 18 43 -1 126 -82 374 -69 432 22 11 18 24 32 28 33 5 0 27 -16 49 -34 84 -72 236 -96 353 -56 64 22 95 46 127 98 17 28 19 44 15 120 -2 48 -14 139 -27 202 -12 63 -26 138 -30 165 -5 28 -14 75 -20 105 -5 30 -13 70 -16 88 -9 58 -33 72 -122 72 -65 0 -82 -3 -96 -19z"/>
 <path d="M306 1654 c-19 -18 -20 -35 -5 -88 6 -21 14 -59 19 -85 10 -53 33 -167 54 -261 7 -36 19 -90 25 -120 7 -30 18 -82 26 -115 24 -108 44 -199 60 -275 47 -225 51 -237 87 -256 22 -11 41 -14 67 -9 20 4 189 10 376 12 375 4 375 4 375 68 0 46 -29 124 -51 136 -13 6 -111 8 -287 3 -310 -7 -295 -12 -319 99 -37 169 -36 166 -23 182 11 13 52 15 270 15 301 0 291 -3 270 88 -20 94 -15 92 -234 93 -105 1 -225 0 -267 -1 -84 -1 -109 11 -109 56 0 13 -6 50 -14 82 -35 142 -37 154 -25 168 9 11 64 14 284 14 325 0 313 -4 296 105 -17 113 19 105 -452 105 -357 0 -410 -2 -423 -16z"/>
 <path d="M1325 1653 c-11 -11 -15 -24 -10 -42 3 -14 13 -59 20 -99 8 -40 17 -77 20 -81 2 -5 9 -37 15 -72 6 -35 17 -95 25 -134 7 -38 21 -104 29 -145 8 -41 20 -97 26 -125 6 -27 17 -81 24 -120 8 -38 22 -106 31 -150 44 -222 46 -225 146 -225 104 0 139 23 119 76 -6 15 -15 54 -20 88 -6 33 -17 93 -25 131 -9 39 -22 102 -29 140 -29 146 -66 333 -82 405 -21 104 -40 194 -55 265 -20 101 -25 105 -129 105 -69 0 -92 -4 -105 -17z"/>
 </g>
<g id="layer5" fill="#fdfcfc" stroke="none">
 <path d="M0 1750 l0 -1750 3250 0 3250 0 0 1750 0 1750 -3250 0 -3250 0 0 -1750z m4292 819 c321 -161 319 -159 220 -159 -58 0 -82 -11 -82 -38 0 -11 57 -143 160 -367 46 -98 120 -278 120 -288 0 -8 -24 -12 -72 -12 -68 0 -184 -10 -234 -21 -40 -7 -37 -34 20 -148 30 -61 99 -203 154 -316 55 -113 168 -344 252 -515 217 -443 250 -511 250 -523 0 -16 -27 -22 -94 -22 -48 0 -69 5 -88 19 -14 11 -66 100 -115 198 -50 98 -165 324 -256 503 -90 179 -237 468 -326 643 -89 175 -161 323 -158 330 2 7 24 13 53 13 138 4 279 16 291 26 7 6 13 17 13 24 0 13 -49 116 -130 274 -21 41 -49 102 -63 135 -14 33 -57 125 -96 205 -69 140 -77 160 -65 160 3 0 113 -54 246 -121z m-663 -915 c31 -9 80 -27 108 -41 59 -28 79 -26 93 13 10 24 14 26 50 20 21 -3 50 -2 63 3 47 18 51 9 97 -234 6 -33 15 -91 21 -130 5 -38 14 -84 19 -101 6 -17 11 -74 12 -126 2 -136 -19 -164 -154 -199 -148 -38 -385 -18 -466 40 -33 23 -95 140 -82 154 14 15 85 19 128 7 32 -8 49 -20 63 -44 29 -50 74 -66 183 -66 91 0 95 1 126 30 l33 31 -5 90 c-4 67 -10 95 -23 109 -21 23 -52 26 -80 6 -11 -7 -60 -21 -109 -31 -86 -17 -93 -17 -165 0 -165 38 -233 101 -260 242 -22 113 16 179 126 220 70 26 147 28 222 7z m2196 -5 c55 -6 123 -18 150 -26 68 -20 122 -73 140 -138 33 -120 25 -200 -25 -236 -36 -26 -165 -49 -275 -49 -139 0 -195 -32 -195 -112 0 -44 29 -90 76 -119 35 -21 51 -24 144 -24 118 0 147 11 175 66 15 29 18 30 73 27 l57 -3 3 -37 c7 -80 -43 -112 -198 -125 -127 -11 -298 4 -350 31 -84 44 -107 84 -116 200 -7 93 4 139 38 157 43 23 138 40 257 46 75 3 137 11 153 20 35 17 58 61 58 109 0 101 -188 183 -325 143 -50 -15 -105 -66 -105 -97 0 -28 -21 -42 -61 -42 -66 0 -89 14 -89 55 0 49 22 98 54 118 24 16 160 43 231 46 17 1 75 -4 130 -10z m-3339 -45 c8 -18 14 -48 14 -66 0 -17 6 -57 14 -87 8 -31 19 -85 25 -121 24 -139 30 -166 46 -211 24 -70 67 -115 133 -139 101 -38 188 -15 219 57 13 32 13 48 -1 148 -8 62 -20 124 -26 139 -5 15 -10 44 -10 65 0 20 -6 60 -14 87 -8 27 -17 75 -20 107 l-6 57 44 0 c24 0 57 3 73 6 36 7 63 -16 63 -54 0 -26 15 -105 46 -242 8 -36 14 -79 14 -96 0 -17 7 -53 15 -80 8 -27 15 -85 15 -129 0 -70 -3 -85 -26 -118 -77 -114 -311 -117 -431 -6 -23 21 -47 39 -53 39 -6 0 -29 -20 -52 -45 -57 -62 -104 -78 -220 -73 -68 3 -103 9 -129 23 -105 58 -107 59 -124 45 -8 -7 -15 -23 -15 -35 0 -13 -7 -26 -16 -29 -22 -8 -127 -7 -140 2 -13 9 -31 83 -89 377 -7 39 -21 104 -29 145 -9 41 -16 87 -16 101 0 15 -7 43 -16 64 -8 20 -14 51 -12 69 l3 31 79 0 79 0 17 -70 c37 -151 50 -211 50 -233 0 -13 7 -54 16 -90 33 -139 47 -174 87 -213 39 -37 133 -79 178 -79 44 1 107 37 125 71 18 35 13 87 -21 239 -9 36 -15 76 -15 89 0 14 -6 50 -14 80 -25 98 -39 203 -28 210 5 3 42 4 82 3 71 -4 72 -4 86 -38z m2807 34 c14 -11 15 -19 7 -48 -5 -19 -14 -64 -20 -100 -6 -36 -17 -101 -26 -145 -8 -44 -21 -118 -29 -165 -8 -47 -22 -119 -30 -160 -18 -81 -39 -199 -54 -294 -12 -72 -30 -154 -42 -183 -7 -19 -16 -23 -49 -23 -39 0 -42 2 -62 47 -22 51 -21 125 7 253 12 57 36 195 49 285 2 17 9 56 15 88 21 116 -2 127 -244 123 -88 -1 -166 0 -173 2 -17 6 -54 80 -47 93 5 6 79 8 212 4 246 -7 266 -3 293 60 10 23 21 68 25 99 8 61 9 61 85 69 19 2 42 5 51 5 8 1 23 -4 32 -10z m-4156 -10 c6 -7 13 -42 17 -77 l6 -63 -73 3 c-39 1 -165 2 -279 1 -197 -2 -209 -3 -229 -23 -16 -16 -19 -28 -14 -47 3 -15 10 -54 14 -87 4 -34 13 -70 19 -82 7 -12 12 -33 12 -48 0 -41 27 -84 58 -92 30 -8 183 -9 373 -4 69 2 135 0 146 -3 19 -6 43 -66 43 -105 0 -8 -84 -11 -260 -11 -247 0 -261 -1 -280 -20 -24 -24 -26 -65 -5 -129 8 -25 20 -72 26 -103 7 -35 21 -66 35 -79 23 -21 26 -22 294 -16 266 6 270 6 290 -15 22 -24 33 -70 28 -114 l-3 -29 -390 0 -390 0 -12 25 c-12 25 -18 49 -46 185 -33 157 -49 233 -62 285 -36 153 -45 197 -45 223 0 16 -5 38 -11 49 -7 12 -15 47 -20 77 -4 31 -12 74 -18 96 -30 121 -43 186 -37 200 5 13 56 15 404 15 308 0 402 -3 409 -12z m389 -38 c8 -25 14 -59 14 -76 0 -17 7 -48 15 -67 8 -20 15 -51 15 -69 0 -17 6 -57 14 -87 24 -93 38 -163 47 -221 4 -30 12 -73 18 -95 5 -22 16 -74 25 -115 31 -157 47 -237 60 -295 8 -33 12 -63 10 -67 -2 -3 -33 -10 -69 -13 -47 -5 -69 -4 -81 6 -21 17 -44 75 -44 110 0 16 -6 55 -14 87 -8 31 -22 93 -31 137 -37 184 -47 233 -61 292 -8 34 -14 76 -14 93 0 17 -5 41 -11 52 -7 12 -15 47 -19 77 -4 31 -12 76 -18 101 -35 149 -41 183 -36 191 3 6 42 8 86 7 l81 -3 13 -45z"/>
 <path d="M3491 1534 c-29 -24 -31 -31 -31 -89 0 -54 4 -68 27 -96 42 -50 95 -69 191 -69 88 0 110 7 155 48 23 22 27 34 27 78 0 42 -5 59 -26 84 -47 55 -90 70 -208 70 -98 0 -106 -2 -135 -26z"/>
 </g>

</svg>